##TITLE= SHAP-20 tan_k (duration 40 us, sweep width 1000.0 kHz, step size: 0.05 us
##USAGE= SHAP pulse test
##JCAMP-DX= 5.00 $$ Bruker JCAMP library 
##DATA TYPE= Shape Data 
##ORIGIN= Generated from wurst program 
##DATE= 02/22/18  
##TIME= 16:02:37 
##MINX= 0.000000e+00 
##MAXX= 1.000000e+02 
##MINY= 0.000000e+00 
##MAXY= 3.600000e+02 
##$SHAPE_EXMODE= Adiabatic 
##$SHAPE_TOTROT= 1.800000e+02 
##$SHAPE_TYPE= Inversion 
##$SHAPE_BWFAC= 0.000000e+00 
##$SHAPE_INTEGFAC= 0.000000e+00 
##$SHAPE_MODE= 1 
##NPOINTS= 801
##XYPOINTS= (XY..XY) 
0.0 -265.30574902840203
2.5057410367788338 -241.2129415870952
5.008337469607125 -218.7702418173675
7.504660460153688 -197.76660617858784
9.99161253365918 -178.0290912306151
12.46614284460822 -159.4142008456629
14.925261951529606 -141.80155838700273
17.366055951157684 -125.08919228230582
19.7856998335738 -109.18996521352062
22.18146993358753 -94.02882937095376
24.550755369152032 -79.54068855685568
26.89106837463524 -65.6687129279444
29.20005345486073 -52.36299603340467
31.47549530455042 -39.57947396596046
33.7153254567095 -27.27904753579662
35.917627642173656 -15.42686335733265
38.08064186059973 -3.991720530100224
40.2027671802733 -352.9455774706589
42.28256329992791 -342.2631392699707
44.318750920071246 -331.92151029588683
46.31021098390256 -321.89990003979597
48.255982858647876 -312.1793727053607
50.15526153695926 -302.7426329586608
52.00739394489806 -293.57384174885146
53.81187444797724 -284.65845727273984
55.5683396498442 -275.98309707338865
57.27656257955235 -267.53541798965057
58.936446363133044 -259.3040112535599
60.54801747350268 -251.27831049831582
62.111418649797464 -243.44851081585864
63.62690157320756 -235.80549730865891
65.09481938147147 -228.34078182993994
66.51561909857708 -221.04644681138905
67.8898340500765 -213.91509524631385
69.2180763279272 -206.93980603615262
70.50102936207567 -200.11409402466245
71.73944064924235 -193.43187414137628
72.93411468266918 -186.8874291575131
74.08590612005881 -180.47538062622448
75.19571322065615 -174.19066263709635
76.26447157646442 -168.02849806406311
77.2931481570103 -161.9843770277697
78.2827356819079 -156.0540373291568
79.23424733074987 -150.23344664166
80.14871179558877 -144.51878627569147
81.0271686774636 -138.90643635170892
81.87066422507341 -133.3929622377152
82.68024741078588 -127.975102123966
83.45696633667794 -122.64975562233997
84.20186496121158 -117.41397329061823
84.91598013542757 -112.26494699306386
85.60033893616183 -107.2000010184459
86.25595628272553 -102.21658388518534
86.88383282270765 -97.31226077080834
87.48495307203143 -92.48470650949014
88.06028379408967 -87.7316991072866
88.61077260267419 -83.0511137297961
89.13734677347188 -78.44091712154648
89.64091224910015 -73.89916242042773
90.12235282297527 -69.42398433408232
90.5825294877245 -65.01359464835599
91.02227993435147 -60.66627804074324
91.4424181889222 -56.38038817431271
91.84373437414544 -52.15434404986206
92.2269945838581 -47.98662659607902
92.5929408590859 -43.87577547931818
92.94229125501816 -39.82038611623449
93.27573998890725 -35.8191068739884
93.59395765956839 -31.870636444064758
93.89759152980999 -27.97372137694623
94.18726586376216 -24.127153765960827
94.46358231168776 -20.329769069600218
94.72712033545426 -16.580444062495246
94.97843766841207 -12.87809490602973
95.21807080396482 -9.221675330310347
95.44653550762884 -5.610174919865301
95.66432734786126 -2.0426174960546746
95.87192224138887 -358.5180595897117
96.06977700919454 -355.0355889980477
96.25832993971211 -351.5943234203005
96.43800135614937 -348.1934091670262
96.60919418519788 -344.83201993831466
96.77229452470357 -341.50935566656176
96.92767220816113 -338.22464141974393
97.07568136416107 -334.9771263614412
97.21666096916205 -331.7660827641212
97.35093539218273 -328.5908050724431
97.47881493021053 -325.45060901356896
97.6005963333077 -322.34483075168276
97.71656331856231 -319.2728260841037
97.82698707218114 -316.23396967656333
97.93212673915761 -313.22765433538115
98.03222990006847 -310.2532903144198
98.12753303466212 -307.31030465484633
98.21826197199782 -304.3981405558522
98.30463232698128 -301.51625677460936
98.38684992321808 -298.6641270538424
98.46511120217323 -295.8412395755111
98.53960361868423 -293.04709643918363
98.61050602292556 -290.2812131637744
98.67798902896794 -287.54311821140215
98.7422153701127 -284.832352532201
98.80334024121508 -282.1484691289857
98.86151162823748 -279.4910326407438
98.9168706252969 -276.85961894398343
98.96955173948945 -274.2538147710279
99.01968318379065 -271.67321734439884
99.06738715834187 -269.117434026483
99.11278012044271 -266.58608198371877
99.15597304357581 -264.0787878645915
99.19707166579484 -261.5951874907563
99.2361767278087 -259.13492556065626
99.27338420109602 -256.6976553650312
99.30878550638266 -254.28303851375065
99.3424677228132 -251.89074467343406
99.37451378814346 -249.52045131535215
99.40500269027753 -247.17184347312767
99.43400965046688 -244.84461350978438
99.46160629848373 -242.5384608937136
99.48786084007419 -240.25309198315207
99.51283821698989 -237.98821981878646
99.53660025988937 -235.74356392411966
99.5592058343929 -233.51885011325248
99.5807109805666 -231.31381030575298
99.60116904610376 -229.12818234830263
99.62063081346295 -226.96170984282304
99.63914462121438 -224.81414198080392
99.65675647983798 -222.68523338356505
99.67351018220828 -220.57474394819891
99.68944740899283 -218.4824386989545
99.70460782918377 -216.40808764383158
99.71902919597265 -214.35146563616985
99.73274743817274 -212.31235224102494
99.74579674738374 -210.2905316061327
99.75820966108716 -208.28579233727694
99.77001714185356 -206.29792737787878
99.78124865283449 -204.32673389263925
99.79193222970683 -202.37201315507178
99.8020945492286 -200.4335704387691
99.81176099456044 -198.51121491225845
99.82095571749909 -196.60475953730273
99.82970169776448 -194.71402097051296
99.8380207994749 -192.83881946814478
99.84593382493976 -190.9789787939547
99.85346056589358 -189.1343261300005
99.86061985228947 -187.3046919902725
99.8674295987655 -185.48991013704907
99.87390684889199 -183.68981749987464
99.88006781730334 -181.9042540970609
99.88592792981329 -180.13306295961894
99.89150186160802 -178.37609005753168
99.8968035736074 -176.63318422828152
99.90184634708059 -174.90419710755071
99.9066428165983 -173.18898306201547
99.91120500140025 -171.48739912415894
99.91554433525273 -169.79930492903074
99.9196716948681 -168.1245626528835
99.92359742695417 -166.46303695362047
99.92733137395874 -164.81459491299017
99.93088289857153 -163.17910598046686
99.93426090704246 -161.55644191875953
99.93747387137306 -159.94647675089098
99.94052985043474 -158.34908670879534
99.94343651006517 -156.76415018338045
99.94620114219191 -155.19154767600634
99.94883068302975 -153.63116175133194
99.95133173039645 -152.08287699148315
99.95371056018874 -150.54657995149975
99.95597314205973 -149.0221591160169
99.95812515433536 -147.50950485714253
99.96017199820699 -146.0085093934892
99.96211881123497 -144.51906675032367
99.96397048019632 -143.0410727207994
99.96573165330823 -141.5744248282336
99.96740675185744 -140.11902228939883
99.96899998126433 -138.67476597879445
99.97051534160907 -137.24155839386682
99.9719566376456 -135.8193036211508
99.97332748832855 -134.40790730329937
99.9746313358765 -133.0072766069779
99.9758714543941 -131.61732019159282
99.97705095807436 -130.2379481788306
99.97817280900159 -128.8690721229822
99.97923982457434 -127.51060498202759
99.98025468456656 -126.16246108945865
99.98121993784491 -124.82455612681714
99.98213800875868 -123.49680709692629
99.98301120321817 -122.17913229779586
99.98384171447692 -120.87145129717906
99.98463162863197 -119.5736849077643
99.98538292985589 -118.28575516298054
99.98609750537375 -117.00758529339939
99.9867771501973 -115.73909970371716
99.98742357162817 -114.4802239502981
99.9880383935416 -113.2308847192646
99.98862316046086 -111.99100980511703
99.98917934143314 -110.76052808986871
99.98970833371615 -109.53936952268141
99.99021146628489 -108.32746509998677
99.99069000316712 -107.12474684607994
99.99114514661628 -105.9311477941725
99.99157804012923 -104.74660196789122
99.99198977131687 -103.57104436321116
99.99238137463458 -102.40441093080953
99.99275383397922 -101.24663855883043
99.9931080851595 -100.09766505604787
99.99344501824564 -98.95742913541675
99.99376547980415 -97.82587039800121
99.99407027502377 -96.70292931726996
99.9943601697373 -95.58854722374863
99.99463589234485 -94.48266629002003
99.994898135643 -93.3852295160621
99.99514755856482 -92.29618071491565
99.99538478783468 -91.21546449867223
99.99561041954237 -90.14302626477439
99.99582502064021 -89.07881218261963
99.99602913036712 -88.02276918046014
99.99622326160306 -86.9748449325911
99.99640790215726 -85.9349878468198
99.9965835159936 -84.90314705220727
99.99675054439612 -83.87927238707826
99.99690940707734 -82.8633143872889
99.99706050323283 -81.85522427474909
99.99720421254393 -80.85495394619049
99.99734089613153 -79.86245596217537
99.99747089746333 -78.87768353633989
99.99759454321679 -77.90059052486573
99.9977121440997 -76.93113141617494
99.99782399563084 -75.96926132084172
99.99793037888247 -75.01493596171635
99.99803156118642 -74.06811166425605
99.99812779680585 -73.12874534705709
99.99821932757392 -72.19679451258438
99.99830638350157 -71.27221723809234
99.99838918335527 -70.35497216673376
99.99846793520682 -69.44501849885135
99.99854283695602 -68.54231598344742
99.998614076828 -67.64682490982847
99.99868183384615 -66.75850609941968
99.99874627828187 -65.87732089774478
99.99880757208251 -65.00323116656959
99.9988658692782 -64.1361992762023
99.99892131636898 -63.276188097949934
99.99897405269277 -62.42316099672466
99.99902421077563 -61.577081823798515
99.99907191666473 -60.73791490970227
99.999117290245 -59.90562505726468
99.9991604455405 -59.080177534790025
99.9992014910008 -58.261538069370104
99.99924052977363 -57.44967284032707
99.99927765996401 -56.64454847278594
99.99931297488071 -55.84613203137176
99.99934656327085 -55.05439101403032
99.99937850954278 -54.269293345968464
99.9994088939783 -53.490807373712315
99.99943779293436 -52.718901859280116
99.99946527903482 -51.95354597446725
99.9994914213532 -51.19470929524165
99.99951628558598 -50.4423617962464
99.99953993421789 -49.69647384540721
99.99956242667882 -48.957016198643494
99.99958381949321 -48.22395999467933
99.99960416642209 -47.497276749953855
99.99962351859813 -46.77693835362698
99.9996419246542 -46.06291706268058
99.99965943084558 -45.355185497111286
99.99967608116616 -44.65371663521431
99.99969191745896 -43.95848380895504
99.99970697952138 -43.26946069942835
99.99972130520513 -42.586621332402025
99.99973493051141 -41.9099400739437
99.99974788968133 -41.23939162612892
99.99976021528198 -40.57495102282953
99.99977193828825 -39.91659362557972
99.99978308816073 -39.264295119518586
99.99979369291965 -38.61803150940839
99.99980377921541 -37.97777911572539
99.99981337239544 -37.34351457082328
99.99982249656794 -36.71521481516731
99.99983117466253 -36.09285709363703
99.99983942848777 -35.47641895189752
99.99984727878604 -34.86587823283684
99.9998547452856 -34.26121307306836
99.99986184675022 -33.66240189949772
99.99986860102635 -33.06942342595172
99.9998750250879 -32.4822566498694
99.99988113507895 -31.900880849052733
99.99988694635428 -31.32527557847713
99.99989247351802 -30.75542066715958
99.99989773046026 -30.191296215083547
99.99990273039208 -29.632882590180397
99.99990748587861 -29.080160425364813
99.99991200887071 -28.53311061562479
99.99991631073496 -27.99171431516373
99.99992040228223 -27.45595293459488
99.99992429379483 -26.9258081381865
99.99992799505245 -26.40126184115662
99.99993151535655 -25.882296207017593
99.9999348635539 -25.368893644967862
99.99993804805877 -24.861036807331992
99.99994107687401 -24.35870858704645
99.99994395761126 -23.8618921151912
99.99994669751001 -23.3705707585662
99.99994930345582 -22.884728117312047
99.99995178199758 -22.404348022573625
99.99995413936408 -21.92941453420626
99.99995638147952 -21.459911938523987
99.9999585139785 -20.995824746088687
99.99996054222014 -20.537137689539474
99.99996247130156 -20.083835721462
99.99996430607064 -19.635904012296603
99.99996605113833 -19.19332794828495
99.99996771089009 -18.756093129454474
99.999969289497 -18.324185367639586
99.9999707909262 -17.897590684539807
99.99997221895089 -17.476295309813512
99.9999735771598 -17.06028567920735
99.9999748689662 -16.64954843271979
99.99997609761652 -16.244070412799736
99.99997726619841 -15.843838662578111
99.99997837764863 -15.44884042413292
99.99997943476029 -15.059063136786854
99.99998044019003 -14.674494435436985
99.99998139646455 -14.29512214891633
99.99998230598702 -13.920934298386092
99.99998317104317 -13.551919095758999
99.99998399380694 -13.18806494215284
99.99998477634597 -12.829360426373505
99.99998552062685 -12.475794323427552
99.99998622852002 -12.127355593063735
99.99998690180446 -11.784033378342855
99.99998754217219 -11.445817004235815
99.99998815123247 -11.112695976249293
99.99998873051597 -10.784659979078917
99.99998928147842 -10.46169887528894
99.99998980550444 -10.14380270401874
99.99999030391096 -9.830961679715701
99.9999907779505 -9.523166190893477
99.99999122881435 -9.220406798916045
99.99999165763558 -8.922674236806879
99.99999206549184 -8.62995940808264
99.9999924534081 -8.342253385612025
99.99999282235923 -8.059547410498075
99.99999317327241 -7.781832890984786
99.99999350702954 -7.509101401387381
99.99999382446937 -7.241344681045397
99.99999412638964 -6.978554633299294
99.99999441354908 -6.720723324489773
99.99999468666937 -6.467842982979035
99.99999494643687 -6.219905998194863
99.9999951935044 -5.976904919696344
99.99999542849287 -5.738832456261374
99.99999565199279 -5.505681474995588
99.99999586456586 -5.277445000462558
99.99999606674628 -5.05411621383504
99.99999625904215 -4.835688452066719
99.99999644193672 -4.622155207084942
99.9999966158896 -4.413510125003517
99.99999678133797 -4.209747005355609
99.99999693869762 -4.010859800346752
99.99999708836398 -3.81684261412759
99.9999972307132 -3.6276897020859464
99.99999736610299 -3.4433954701586145
99.99999749487361 -3.263954474162091
99.99999761734865 -3.0893614191424805
99.99999773383593 -2.919611158744011
99.99999784462817 -2.7546986945966494
99.9999979500038 -2.5946191757219697
99.99999805022765 -2.439367897957444
99.99999814555156 -2.2889403033990154
99.99999823621512 -2.1433319798617774
99.99999832244616 -2.002538660358721
99.99999840446138 -1.8665562225969892
99.99999848246689 -1.7353806884922736
99.99999855665874 -1.6090082237003895
99.99999862722335 -1.487435137166647
99.99999869433809 -1.3706578806923866
99.9999987581716 -1.2586730485186821
99.99999881888431 -1.1514773769275841
99.99999887662878 -1.0490677438597766
99.99999893155014 -0.9514411685497213
99.99999898378641 -0.8585948111775447
99.99999903346885 -0.7705259725373177
99.99999908072233 -0.6872320937226007
99.99999912566561 -0.6087107558280789
99.99999916841162 -0.5349596796680504
99.99999920906778 -0.46597672551133595
99.99999924773627 -0.4017598928323589
99.99999928451427 -0.3423073200788832
99.99999931949421 -0.2876172844556925
99.99999935276398 -0.23768820172488933
99.9999993844072 -0.19251862602199607
99.99999941450339 -0.15210724968836142
99.99999944312819 -0.1164529031196834
99.99999947035352 -0.08555455463046667
99.99999949624781 -0.05941131033459893
99.99999952087613 -0.03802241404183462
99.9999995443004 -0.02138724717041589
99.99999956657945 -0.009505328675298208
99.99999958776927 -0.00237631499261981
99.99999958776927 0.0
99.99999956663376 -0.00237631499261981
99.99999954441459 -0.009505328675298208
99.99999952105622 -0.02138724717041589
99.99999949650025 -0.03802241404183462
99.99999947068528 -0.05941131033459893
99.99999944354673 -0.08555455463046667
99.99999941501676 -0.1164529031196834
99.99999938502403 -0.15210724968836142
99.99999935349354 -0.19251862602199607
99.99999932034643 -0.23768820172488933
99.99999928549985 -0.2876172844556925
99.99999924886664 -0.3423073200788832
99.99999921035521 -0.4017598928323955
99.99999916986927 -0.46597672551133595
99.99999912730755 -0.5349596796680504
99.99999908256365 -0.6087107558280789
99.99999903552569 -0.6872320937226007
99.99999898607604 -0.7705259725373177
99.99999893409104 -0.8585948111775447
99.99999887944072 -0.9514411685497213
99.99999882198841 -1.0490677438597766
99.99999876159048 -1.1514773769275841
99.99999869809587 -1.2586730485187188
99.9999986313458 -1.3706578806923866
99.99999856117341 -1.487435137166647
99.99999848740319 -1.6090082237003895
99.99999840985069 -1.7353806884922736
99.999998328322 -1.8665562225969892
99.99999824261323 -2.002538660358721
99.99999815251009 -2.1433319798617774
99.99999805778725 -2.2889403033990154
99.99999795820787 -2.439367897957444
99.99999785352296 -2.5946191757219697
99.99999774347073 -2.7546986945966863
99.999997627776 -2.919611158744011
99.99999750614947 -3.0893614191424805
99.99999737828702 -3.263954474162128
99.99999724386893 -3.4433954701586518
99.99999710255906 -3.6276897020859464
99.9999969540041 -3.81684261412759
99.99999679783255 -4.010859800346789
99.99999663365392 -4.209747005355609
99.99999646105766 -4.413510125003517
99.99999627961222 -4.622155207084979
99.99999608886387 -4.835688452066719
99.99999588833562 -5.05411621383504
99.99999567752609 -5.277445000462558
99.99999545590812 -5.505681474995588
99.99999522292755 -5.738832456261374
99.99999497800182 -5.976904919696344
99.99999472051847 -6.219905998194863
99.99999444983368 -6.467842982979035
99.99999416527056 -6.720723324489773
99.99999386611759 -6.978554633299333
99.99999355162673 -7.241344681045359
99.99999322101158 -7.509101401387381
99.99999287344542 -7.781832890984786
99.99999250805917 -8.059547410498075
99.99999212393917 -8.342253385612063
99.99999172012491 -8.62995940808264
99.99999129560665 -8.922674236806879
99.99999084932288 -9.220406798916082
99.99999038015766 -9.523166190893514
99.99998988693781 -9.830961679715701
99.99998936843005 -10.14380270401874
99.99998882333784 -10.46169887528894
99.99998825029816 -10.784659979078958
99.9999876478781 -11.11269597624933
99.9999870145713 -11.445817004235815
99.99998634879418 -11.784033378342855
99.99998564888195 -12.127355593063735
99.99998491308443 -12.475794323427552
99.99998413956179 -12.829360426373505
99.99998332637982 -13.188064942152877
99.9999824715051 -13.551919095758999
99.99998157280004 -13.920934298386054
99.99998062801737 -14.29512214891633
99.99997963479468 -14.674494435437062
99.9999785906484 -15.059063136786893
99.99997749296759 -15.44884042413292
99.9999763390075 -15.843838662578111
99.99997512588263 -16.244070412799775
99.99997385055951 -16.64954843271979
99.99997250984921 -17.06028567920735
99.99997110039925 -17.476295309813512
99.99996961868526 -17.897590684539807
99.99996806100219 -18.324185367639625
99.99996642345504 -18.756093129454516
99.99996470194907 -19.193327948284985
99.99996289217962 -19.635904012296603
99.99996098962137 -20.083835721462
99.9999589895169 -20.537137689539513
99.99995688686492 -20.995824746088687
99.99995467640773 -21.459911938524023
99.99995235261801 -21.92941453420626
99.9999499096851 -22.404348022573625
99.99994734150042 -22.88472811731209
99.99994464164214 -23.370570758566274
99.99994180335928 -23.8618921151912
99.99993881955461 -24.35870858704645
99.99993568276712 -24.861036807331992
99.99993238515317 -25.368893644967898
99.99992891846709 -25.882296207017593
99.99992527404032 -26.40126184115666
99.99992144275994 -26.925808138186465
99.99991741504579 -27.45595293459496
99.99991318082647 -27.99171431516373
99.9999087295143 -28.53311061562479
99.99990404997867 -29.080160425364813
99.99989913051836 -29.632882590180397
99.99989395883219 -30.19129621508359
99.99988852198828 -30.75542066715958
99.99988280639175 -31.32527557847717
99.99987679775066 -31.900880849052776
99.99987048104035 -32.4822566498694
99.99986384046582 -33.06942342595176
99.99985685942221 -33.66240189949772
99.99984952045338 -34.26121307306844
99.99984180520815 -34.86587823283693
99.99983369439447 -35.47641895189752
99.99982516773119 -36.09285709363703
99.99981620389732 -36.71521481516735
99.99980678047874 -37.34351457082332
99.9997968739121 -37.97777911572543
99.99978645942599 -38.61803150940839
99.99977551097892 -39.26429511951863
99.99976400119428 -39.91659362557972
99.99975190129177 -40.57495102282957
99.99973918101558 -41.23939162612896
99.99972580855862 -41.909940073943744
99.99971175048307 -42.58662133240211
99.9996969716367 -43.26946069942835
99.99968143506504 -43.95848380895504
99.9996651019189 -44.65371663521431
99.99964793135733 -45.35518549711133
99.99962988044543 -46.062917062680626
99.99961090404699 -46.77693835362694
99.99959095471169 -47.49727674995393
99.99956998255638 -48.22395999467947
99.99954793514043 -48.957016198643494
99.99952475733451 -49.696473845407255
99.99950039118288 -50.442361796246445
99.99947477575833 -51.19470929524174
99.99944784700996 -51.953545974467296
99.99941953760296 -52.718901859280116
99.99938977675026 -53.490807373712364
99.99935849003556 -54.269293345968514
99.99932559922726 -55.054391014030365
99.99929102208282 -55.84613203137181
99.99925467214317 -56.64454847278602
99.9992164585165 -57.44967284032707
99.99917628565103 -58.261538069370104
99.99913405309611 -59.080177534790074
99.99908965525104 -59.90562505726473
99.99904298110103 -60.737914909702305
99.99899391393964 -61.577081823798515
99.99894233107707 -62.42316099672466
99.99888810353326 -63.27618809794997
99.99883109571556 -64.13619927620245
99.99877116507956 -65.00323116656963
99.99870816177288 -65.87732089774474
99.99864192826038 -66.75850609941972
99.99857229893038 -67.6468249098286
99.99849909968059 -68.54231598344751
99.99842214748274 -69.44501849885135
99.99834124992523 -70.35497216673382
99.99825620473179 -71.27221723809238
99.99816679925603 -72.19679451258442
99.99807280994969 -73.12874534705722
99.99797400180383 -74.06811166425605
99.99787012776126 -75.01493596171639
99.99776092809898 -75.96926132084178
99.99764612977886 -76.93113141617499
99.9975254457651 -77.90059052486579
99.9973985743067 -78.87768353633983
99.99726519818309 -79.86245596217537
99.99712498391118 -80.85495394619055
99.9969775809118 -81.85522427474912
99.99682262063332 -82.86331438728898
99.99665971563037 -83.87927238707816
99.99648845859548 -84.90314705220727
99.99630842134086 -85.93498784681977
99.99611915372832 -86.97484493259131
99.99592018254401 -88.02276918046017
99.99571101031582 -89.07881218261957
99.9954911140699 -90.14302626477449
99.99525994402376 -91.21546449867233
99.99501692221212 -92.29618071491579
99.99476144104254 -93.38522951606213
99.99449286177709 -94.48266629002009
99.99421051293601 -95.58854722374869
99.99391368861988 -96.70292931726999
99.99360164674563 -97.82587039800126
99.99327360719226 -98.95742913541675
99.99292874985166 -100.09766505604787
99.99256621257942 -101.24663855883047
99.99218508904096 -102.40441093080959
99.99178442644705 -103.57104436321124
99.99136322317361 -104.74660196789134
99.9909204262595 -105.93114779417245
99.9904549287763 -107.12474684607994
99.98996556706324 -108.3274650999868
99.98945111782082 -109.53936952268147
99.98891029505545 -110.7605280898688
99.98834174686777 -111.99100980511697
99.98774405207668 -113.23088471926476
99.98711571667039 -114.48022395029827
99.98645517007606 -115.7390997037172
99.98576076123841 -117.00758529339944
99.98503075449787 -118.28575516298059
99.98426332525774 -119.5736849077644
99.98345655542965 -120.87145129717918
99.98260842864642 -122.1791322977958
99.98171682522957 -123.49680709692635
99.98077951690011 -124.8245561268172
99.97979416121845 -126.1624610894587
99.97875829574035 -127.51060498202764
99.97766933187408 -128.8690721229821
99.97652454842378 -130.23794817883075
99.97532108480274 -131.61732019159282
99.9740559339003 -133.007276606978
99.9727259345841 -134.40790730329945
99.97132776381974 -135.81930362115082
99.96985792838805 -137.24155839386694
99.96831275617949 -138.6747659787944
99.96668838704453 -140.11902228939888
99.96498076317704 -141.57442482823365
99.9631856190073 -143.04107272079946
99.96129847057973 -144.51906675032373
99.95931460438896 -146.00850939348925
99.95722906564708 -147.50950485714273
99.95503664595334 -149.0221591160169
99.95273187033555 -150.54657995149975
99.95030898363213 -152.0828769914832
99.94776193618085 -153.63116175133206
99.94508436877973 -155.1915476760065
99.94226959688307 -156.7641501833804
99.93931059399421 -158.34908670879534
99.93619997421465 -159.94647675089124
99.93292997390671 -161.5564419187596
99.92949243242575 -163.17910598046697
99.92587877187472 -164.8145949129901
99.92207997583223 -166.46303695362047
99.91808656700279 -168.12456265288367
99.91388858373507 -169.79930492903074
99.90947555535189 -171.48739912415894
99.90483647623233 -173.18898306201558
99.89995977858409 -174.90419710755063
99.89483330384067 -176.63318422828166
99.88944427261528 -178.3760900575316
99.88377925313966 -180.13306295961894
99.87782412811312 -181.904254097061
99.8715640598828 -183.68981749987458
99.86498345387344 -185.48991013704918
99.85806592017988 -187.3046919902726
99.85079423323266 -189.1343261300007
99.8431502894418 -190.9789787939547
99.83511506272033 -192.83881946814483
99.82666855778416 -194.71402097051333
99.81778976111987 -196.60475953730287
99.80845658950795 -198.51121491225857
99.79864583598287 -200.43357043876904
99.7883331131068 -202.37201315507178
99.77749279342794 -204.32673389263957
99.76609794698889 -206.29792737787892
99.75412027574451 -208.2857923372771
99.74153004474253 -210.29053160613284
99.7282960099142 -212.31235224102485
99.71438534231548 -214.35146563617008
99.6997635486526 -216.40808764383158
99.68439438791923 -218.48243869895458
99.66823978396512 -220.57474394819906
99.65125973380906 -222.6852333835649
99.63341221150144 -224.81414198080404
99.6146530673345 -226.9617098428229
99.59493592219002 -229.1281823483029
99.57421205680717 -231.31381030575312
99.55243029574473 -233.51885011325263
99.52953688580438 -235.74356392411983
99.50547536867305 -237.98821981878635
99.48018644753533 -240.25309198315225
99.45360784739779 -242.5384608937136
99.42567416885993 -244.84461350978452
99.3963167350583 -247.17184347312778
99.36546343150296 -249.520451315352
99.33303853851734 -251.89074467343423
99.29896255598673 -254.28303851375077
99.2631520201128 -256.6976553650312
99.2255193118658 -259.13492556065637
99.18597245682076 -261.59518749075613
99.144414916059 -264.0787878645916
99.10074536781175 -266.58608198371894
99.0548574795209 -269.11743402648284
99.0066396699886 -271.67321734439884
98.95597486128833 -274.2538147710279
98.90274022010992 -276.8596189439839
98.84680688821501 -279.491032640744
98.78803970168319 -282.1484691289859
98.72629689863689 -284.83235253220084
98.66142981514304 -287.54311821140215
98.59328256900098 -290.2812131637748
98.5216917311436 -293.0470964391838
98.446485984397 -295.8412395755113
98.36748576936802 -298.66412705384255
98.28450291725761 -301.5162567746092
98.19734026943043 -304.39814055585254
98.10579128361077 -307.3103046548467
98.00963962661913 -310.25329031442
97.90865875361638 -313.2276543353814
97.80261147388136 -316.23396967656316
97.69124950321554 -319.27282608410394
97.57431300314515 -322.3448307516831
97.45153010717769 -325.45060901356896
97.32261643446704 -328.5908050724431
97.1872745913509 -331.76608276412145
97.0451936613454 -334.9771263614417
96.89604868431823 -338.2246414197441
96.73950012571181 -341.50935566656176
96.57519333685445 -344.83201993831466
96.4027580075817 -348.1934091670262
96.2218076125922 -351.59432342030107
96.03193885318449 -355.0355889980479
95.83273109626388 -358.5180595897115
95.62374581277389 -2.042617496054902
95.40452601799487 -5.610174919865301
95.17459571646616 -9.221675330310745
94.93345935462565 -12.878094906030014
94.6806012846268 -16.580444062495133
94.41548524318537 -20.32976906960039
94.13755384972873 -24.127153765960543
93.8462281285704 -27.973721376946685
93.54090706030989 -31.870636444064758
93.22096716816434 -35.81910687398812
92.88576214547274 -39.82038611623477
92.53462253117412 -43.875775479318406
92.16685544064715 -47.98662659607925
91.781744359907 -52.15434404986206
91.37854901178274 -56.3803881743122
90.95650530334247 -60.66627804074324
90.51482536448663 -65.01359464835622
90.05269768828869 -69.4239843340826
89.56928738431645 -73.89916242042744
89.06373655681176 -78.44091712154648
88.53516482022623 -83.05111372979667
87.98266996519847 -87.7316991072866
87.40532878860076 -92.48470650949042
86.8021981017562 -97.312260770808
86.17231593133056 -102.21658388518506
85.51470292769643 -107.20000101844653
84.82836399575129 -112.26494699306386
84.11229016320434 -117.41397329061823
83.36546070121548 -122.64975562234025
82.58684551194565 -127.97510212396571
81.77540779702869 -133.39296223771555
80.93010702017811 -138.90643635170926
80.049902176063 -144.51878627569215
79.13375537619972 -150.23344664166
78.18063576087731 -156.05403732915636
77.18952374404175 -161.98437702777005
76.15941559557653 -168.02849806406346
75.08932836251678 -174.1906626370967
73.97830512740042 -180.47538062622448
72.82542059818105 -186.8874291575131
71.62978701990237 -193.43187414137697
70.39056039366206 -200.1140940246629
69.10694698329316 -206.93980603615296
67.77821008468297 -213.9150952463134
66.40367702678469 -221.04644681138984
64.98274636719198 -228.34078182994074
63.514895238728705 -235.80549730865891
61.999686796937546 -243.4485108158591
60.436777711716246 -251.2783104983164
58.825925639810315 -259.30401125356127
57.16699660851169 -267.5354179896516
55.45997223493823 -275.98309707338865
53.70495669980356 -284.658457272741
51.902183389822135 -293.57384174885203
50.0520211190233 -302.7426329586624
48.15497983643062 -312.1793727053613
46.21171572600101 -321.89990003979597
44.223035604572694 -331.9215102958881
42.18990052500074 -342.2631392699707
40.11342849479439 -352.9455774706605
37.99489622552233 -3.9917205301007925
35.83573983507867 -15.426863357332081
33.63755443363335 -27.279047535797304
31.402092534699733 -39.57947396596046
29.131261245158914 -52.362996033406375
26.827118202160005 -65.6687129279444
24.49186624037083 -79.54068855685478
22.127846789844575 -94.02882937095467
19.737532022490416 -109.18996521352142
17.32351578346565 -125.08919228230764
14.8885033623317 -141.80155838700273
12.435300177159576 -159.4142008456629
9.96679946249581 -178.02909123061636
7.485969068749751 -197.7666061785892
4.9958374957876694 -218.77024181736874
2.4994792968420154 -241.2129415870952
0.0 -265.30574902840203
##END=